Hybrid:
--------------------------------------------------------
Zeta:
  piR=3.132077e+00 
  errorR=9.516122e-03 
  durationR=1.337981e-02 
Mach:
  piM=3.141593e+00 
  errorM=8.881784e-16 
  durationM=1.138902e-02 
